FIFO:
6318 6324 6320 6313 6299 6308 6287 6286 6278 6290 6270 6274 6268 6284 6284
Acc x,y,z:
67 -150 -164 72 -154 -159 76 -153 -158 77 -156 -158 82 -159 -159 82 -157 -161 80 -156 -163 76 -154 -165 74 -156 -164 75 -156 -165 73 -155 -165 72 -154 -164 67 -154 -163 68 -156 -163 70 -156 -163
FIFO:
6286 6289 6302 6301 6297 6297 6281 6265 6256 6259 6245 6245 6244 6243 6241
Acc x,y,z:
71 -159 -164 71 -157 -167 70 -155 -168 71 -156 -167 79 -154 -171 70 -154 -171 70 -151 -171 69 -151 -169 72 -154 -167 72 -155 -166 72 -154 -166 75 -156 -163 78 -158 -161 62 -146 -177 77 -157 -160
FIFO:
6240 6239 6239 6237 6251 6252 6261 6267 6265 6253 6239 6220 6213 6197 6198
Acc x,y,z:
74 -157 -161 77 -158 -161 76 -158 -164 74 -155 -167 72 -157 -165 72 -157 -166 68 -156 -167 70 -156 -165 73 -158 -164 72 -160 -164 70 -158 -163 70 -160 -160 71 -159 -159 72 -159 -159 73 -161 -161
FIFO:
6197 6185 6191 6186 6182 6184 6185 6195 6191 6215 6211 6216 6225 6233 6221
Acc x,y,z:
76 -162 -162 73 -161 -163 71 -161 -163 73 -162 -164 74 -160 -165 74 -159 -166 73 -157 -166 73 -157 -165 70 -155 -167 71 -155 -164 71 -156 -166 71 -155 -168 74 -158 -169 71 -157 -169 71 -157 -168
FIFO:
6198 6192 6193 6197 6218 6238 6236 6152 5968 5828 5941 6104 6176 6149 6011
Acc x,y,z:
75 -158 -163 75 -157 -164 78 -156 -162 79 -154 -161 77 -152 -160 78 -153 -160 75 -154 -159 78 -155 -160 75 -154 -162 74 -154 -163 74 -152 -165 76 -152 -164 75 -153 -165 82 -152 -163 81 -151 -164
FIFO:
5943 6058 6166 6228 6269 6294 6290 6287 6313 6305 6267 6245 6256 6274 6277
Acc x,y,z:
78 -147 -166 80 -148 -166 82 -153 -164 81 -155 -164 80 -156 -162 75 -157 -163 79 -156 -166 80 -156 -165 81 -158 -163 81 -156 -163 79 -151 -166 76 -148 -165 80 -149 -165 80 -149 -165 78 -149 -164
FIFO:
6272 6272 6266 6272 6287 6301 6334 6341 6324 6287 6303 6339 6338 6309 6286
Acc x,y,z:
76 -148 -167 76 -152 -166 77 -155 -165 78 -157 -166 77 -154 -169 75 -154 -169 77 -154 -166 79 -154 -169 78 -154 -170 75 -151 -171 74 -149 -173 73 -149 -170 74 -149 -169 75 -150 -170 75 -152 -173
FIFO:
6299 6302 6299 6285 6279 6270 6274 6241 6224 6216 6208 6239 6259 6260 6275
Acc x,y,z:
75 -153 -169 78 -155 -167 76 -155 -164 78 -155 -168 75 -156 -169 76 -156 -166 76 -156 -164 75 -156 -168 75 -156 -169 75 -155 -168 72 -154 -171 74 -157 -168 76 -157 -164 77 -155 -168 78 -154 -169
FIFO:
6306 6310 6309 6296 6298 6291 6318 6316 6285 6266 6276 6249 6278 6279 6279
Acc x,y,z:
80 -153 -166 80 -153 -168 84 -154 -165 82 -152 -165 81 -151 -168 76 -151 -168 76 -149 -166 78 -154 -164 77 -153 -163 78 -152 -164 80 -151 -164 78 -153 -166 78 -152 -166 78 -154 -167 77 -155 -169
FIFO:
6287 6299 6326 6335 6351 6340 6346 6358 6352 6348 6330 6302 6294 6285 6271
Acc x,y,z:
74 -152 -168 75 -154 -167 73 -156 -168 74 -158 -166 75 -156 -167 74 -156 -169 74 -155 -165 72 -156 -163 75 -155 -166 75 -156 -168 76 -155 -162 71 -153 -167 73 -155 -167 74 -155 -164 75 -155 -166
FIFO:
6269 6268 6265 6271 6261 6279 6287 6279 6293 6293 6299 6319 6319 6328 6334
Acc x,y,z:
74 -155 -161 73 -154 -159 72 -154 -163 74 -157 -160 74 -155 -161 74 -155 -162 74 -155 -159 74 -154 -163 72 -154 -165 74 -153 -166 73 -154 -167 73 -153 -167 74 -153 -165 73 -152 -165 72 -150 -167
FIFO:
6327 6323 6303 6299 6292 6294 6272 6277 6279 6260 6261 6275 6276 6273 6283
Acc x,y,z:
73 -154 -164 70 -154 -164 70 -151 -164 70 -150 -166 70 -149 -166 70 -149 -165 72 -151 -164 73 -150 -164 76 -150 -165 77 -152 -166 76 -154 -167 75 -154 -164 75 -158 -162 75 -159 -164 74 -157 -165
FIFO:
6286 6292 6298 6316 6320 6320 6302 6283 6264 6272 6257 6264 6242 6249 6257
Acc x,y,z:
71 -156 -165 69 -156 -163 74 -157 -162 76 -157 -164 75 -154 -166 78 -154 -166 76 -156 -165 77 -156 -164 76 -155 -166 78 -155 -167 77 -153 -165 74 -156 -168 73 -155 -167 73 -157 -167 73 -155 -170
